                                   1   2   3   4   5   6   7   8   9   10  11  12  13  14  15  16  17  18  19  20  21  22  23  24  25  26  27  28  29  30  31  32  33  34  35  36  37  38  39  40  41  42  43  44  45  46  47  48  49  50  51  52  53  54  55  56  57  58  59  60  61  62  63  64  65  66  67  68  69  70  71  72  73  74  75  76  77 
------------------------------------------------------------------------------------------------------------------------------------------------------------------------------------------------------------------------------------------------------------------------------------------------------------------------------------------------------
1     Acanthella_acuta               32  9   12  18  9   17  17  19  19  19  11  18  13  13  12  18  9   12  13  18  21  21  12  18  18  18  18  18  15  15  15  19  19  19  19  12  15  15  13  14  11  18  14  13  11  13  19  18  15  19  21  12  12  8   18  18  18  16  17  12  12  18  18  17  13  15  15  22  18  13  9   9   9   17  14  19  19 
2     Adreus_fascicularis            9   41  16  17  15  17  17  19  18  18  18  18  17  14  15  21  16  17  17  18  13  14  15  15  21  21  21  18  23  24  23  18  18  18  18  17  24  24  18  13  18  21  13  13  15  17  19  18  14  19  13  16  15  8   18  22  22  15  17  15  15  21  18  19  17  24  24  14  21  18  41  41  41  16  15  19  19 
3     Agelas_schmidti                12  16  40  22  34  21  21  23  24  24  18  24  21  14  13  26  17  19  22  24  14  17  13  19  26  26  26  24  22  23  22  24  24  23  22  19  23  23  20  17  18  26  17  16  17  19  23  24  18  24  18  19  13  13  24  24  24  17  22  19  13  26  24  21  22  23  23  17  26  20  16  16  16  20  17  24  24 
4     Amphimedon_compressa           18  17  22  40  19  30  30  34  37  37  23  31  25  17  18  34  19  25  22  31  21  21  18  27  34  34  34  31  27  27  27  37  37  34  32  25  27  27  25  22  22  34  22  21  22  24  34  31  26  36  22  23  18  12  31  32  32  25  30  21  18  34  31  31  22  27  27  22  34  24  17  17  17  30  22  36  36 
5     Astrosclera_willeyana          9   15  34  19  40  19  19  20  21  21  15  21  18  12  11  23  14  16  20  21  14  15  11  16  23  23  23  21  21  20  21  21  21  20  19  16  20  20  17  15  15  23  15  14  14  16  20  21  15  21  16  16  11  11  21  21  21  14  19  18  11  23  21  18  20  20  20  15  23  17  15  15  15  17  16  21  21 
6     Axinella_infundibuliformis     17  17  21  30  19  41  41  36  32  32  22  29  24  15  17  33  16  23  22  29  21  22  17  32  33  33  33  29  29  29  29  32  32  35  38  23  29  29  24  19  21  33  19  18  20  23  36  29  26  33  21  20  17  12  29  31  31  30  33  20  17  33  29  34  22  29  29  21  33  23  17  17  17  31  23  33  33 
7     Axinella_polypoides            17  17  21  30  19  41  41  36  32  32  22  29  24  15  17  33  16  23  22  29  21  22  17  32  33  33  33  29  29  29  29  32  32  35  38  23  29  29  24  19  21  33  19  18  20  23  36  29  26  33  21  20  17  12  29  31  31  30  33  20  17  33  29  34  22  29  29  21  33  23  17  17  17  31  23  33  33 
8     Biemna_caribea                 19  19  23  34  20  36  36  41  37  37  23  33  25  17  18  38  18  24  23  33  23  24  18  32  38  38  38  33  30  30  30  37  37  35  38  24  30  30  25  23  22  38  23  22  21  24  41  33  30  38  24  22  18  12  33  36  36  30  34  23  18  38  33  35  23  30  30  24  38  24  19  19  19  35  24  38  38 
9     Callyspongia_plicifera         19  18  24  37  21  32  32  37  40  40  25  34  27  17  18  37  20  26  23  34  22  23  18  29  37  37  37  34  29  29  29  40  40  36  34  26  29  29  27  24  24  37  24  23  23  26  37  34  29  39  24  23  18  12  34  35  35  27  32  23  18  37  34  31  23  29  29  24  37  26  18  18  18  33  25  39  39 
10    Chalinula_loosanoffi           19  18  24  37  21  32  32  37  40  40  25  34  27  17  18  37  20  26  23  34  22  23  18  29  37  37  37  34  29  29  29  40  40  36  34  26  29  29  27  24  24  37  24  23  23  26  37  34  29  39  24  23  18  12  34  35  35  27  32  23  18  37  34  31  23  29  29  24  37  26  18  18  18  33  25  39  39 
11    Chondropsidae_MO1046           11  18  18  23  15  22  22  23  25  25  39  24  34  16  21  24  27  35  17  24  15  17  20  21  24  24  24  24  27  30  27  25  25  25  23  35  30  30  35  18  36  24  18  17  31  35  23  24  18  25  16  31  21  8   24  25  25  20  24  16  20  24  24  23  17  30  30  16  24  35  18  18  18  21  16  25  25 
12    Cinachyrella_kuekanthali       18  18  24  31  21  29  29  33  34  34  24  40  26  18  19  36  19  25  23  40  21  21  20  26  36  36  36  40  29  29  29  34  34  32  31  25  29  29  26  27  23  36  27  26  22  25  33  40  26  34  22  23  19  13  40  34  34  24  29  24  20  36  40  28  23  29  29  22  36  25  18  18  18  30  26  34  34 
13    Clathria_curacaoensis          13  17  21  25  18  24  24  25  27  27  34  26  39  17  20  26  26  35  19  26  17  19  19  23  26  26  26  26  27  30  27  27  27  27  25  35  30  30  35  19  33  26  19  18  32  35  25  26  19  27  18  31  20  10  26  27  27  21  26  17  19  26  26  25  19  30  30  17  26  35  17  17  17  23  17  27  27 
14    Cliona_varians                 13  14  14  17  12  15  15  17  17  17  16  18  17  41  32  17  16  18  15  18  13  13  32  13  17  17  17  18  20  20  20  17  17  18  17  18  20  20  18  16  17  17  16  15  17  17  17  18  13  18  13  18  32  6   18  18  18  11  15  17  32  17  18  15  15  20  20  14  17  18  14  14  14  15  13  18  18 
15    Clionaopsis_sp                 12  15  13  18  11  17  17  18  18  18  21  19  20  32  41  18  20  23  15  19  12  14  38  16  18  18  18  19  22  25  22  18  18  19  18  23  25  25  23  19  22  18  19  18  21  22  18  19  13  19  12  22  41  7   19  20  20  14  18  16  38  18  19  18  15  25  25  13  18  23  15  15  15  16  14  19  19 
16    Corvomeyenia_sp                18  21  26  34  23  33  33  38  37  37  24  36  26  17  18  41  19  25  25  36  22  23  18  29  41  41  41  36  32  32  32  37  37  35  35  25  32  32  26  26  23  41  26  25  22  25  38  36  29  38  23  23  18  11  36  38  38  27  31  25  18  41  36  32  25  32  32  23  41  25  21  21  21  34  27  38  38 
17    Crambe_crambe                  9   16  17  19  14  16  16  18  20  20  27  19  26  16  20  19  39  28  15  19  13  15  19  16  19  19  19  19  21  24  21  20  20  19  17  28  24  24  28  14  28  19  14  13  25  28  18  19  13  20  14  26  20  7   19  19  19  14  18  13  19  19  19  18  15  24  24  14  19  29  16  16  16  16  12  20  20 
18    Crella_elegans                 12  17  19  25  16  23  23  24  26  26  35  25  35  18  23  25  28  40  18  25  16  18  22  22  25  25  25  25  29  32  29  26  26  26  24  40  32  32  37  19  35  25  19  18  36  37  24  25  18  26  17  36  23  9   25  26  26  20  25  17  22  25  25  24  18  32  32  16  25  37  17  17  17  22  16  26  26 
19    Cymbaxinella_corrugata         13  17  22  22  20  22  22  23  23  23  17  23  19  15  15  25  15  18  40  23  16  18  15  21  25  25  25  23  21  22  21  23  23  24  24  18  22  22  19  17  16  25  17  16  16  18  23  23  19  23  17  18  15  9   23  23  23  19  23  20  15  25  23  23  40  22  22  16  25  18  17  17  17  22  18  23  23 
20    Dercitus_luteus                18  18  24  31  21  29  29  33  34  34  24  40  26  18  19  36  19  25  23  40  21  21  20  26  36  36  36  40  29  29  29  34  34  32  31  25  29  29  26  27  23  36  27  26  22  25  33  40  26  34  22  23  19  13  40  34  34  24  29  24  20  36  40  28  23  29  29  22  36  25  18  18  18  30  26  34  34 
21    Dictyonella_marsilii           21  13  14  21  14  21  21  23  22  22  15  21  17  13  12  22  13  16  16  21  41  29  12  22  22  22  22  21  22  20  22  22  22  22  22  16  20  20  17  16  14  22  16  15  14  17  23  21  17  23  25  16  12  9   21  22  22  20  21  14  12  22  21  22  16  20  20  28  22  16  13  13  13  19  15  23  23 
22    Dictyonellidae_p0911           21  14  17  21  15  22  22  24  23  23  17  21  19  13  14  23  15  18  18  21  29  41  14  25  23  23  23  21  20  22  20  23  23  23  23  18  22  22  19  18  17  23  18  17  16  19  24  21  19  24  29  17  14  9   21  22  22  23  24  15  14  23  21  24  18  22  22  29  23  19  14  14  14  20  15  24  24 
23    Diplastrella_bistellata        12  15  13  18  11  17  17  18  18  18  20  20  19  32  38  18  19  22  15  20  12  14  41  16  18  18  18  20  22  25  22  18  18  19  18  22  25  25  22  19  21  18  19  18  20  21  18  20  13  19  12  21  38  7   20  20  20  14  18  17  41  18  20  18  15  25  25  13  18  22  15  15  15  16  15  19  19 
24    Ectyoplasia_ferox              18  15  19  27  16  32  32  32  29  29  21  26  23  13  16  29  16  22  21  26  22  25  16  41  29  29  29  26  25  27  25  29  29  31  33  22  27  27  23  21  20  29  21  20  19  23  32  26  24  30  22  19  16  12  26  27  27  37  36  18  16  29  26  35  21  27  27  22  29  22  15  15  15  28  19  30  30 
25    Ephydatia_fluviatilis          18  21  26  34  23  33  33  38  37  37  24  36  26  17  18  41  19  25  25  36  22  23  18  29  41  41  41  36  32  32  32  37  37  35  35  25  32  32  26  26  23  41  26  25  22  25  38  36  29  38  23  23  18  11  36  38  38  27  31  25  18  41  36  32  25  32  32  23  41  25  21  21  21  34  27  38  38 
26    Ephydatia_muelleri             18  21  26  34  23  33  33  38  37  37  24  36  26  17  18  41  19  25  25  36  22  23  18  29  41  41  41  36  32  32  32  37  37  35  35  25  32  32  26  26  23  41  26  25  22  25  38  36  29  38  23  23  18  11  36  38  38  27  31  25  18  41  36  32  25  32  32  23  41  25  21  21  21  34  27  38  38 
27    Eunapius_subterraneus          18  21  26  34  23  33  33  38  37  37  24  36  26  17  18  41  19  25  25  36  22  23  18  29  41  41  41  36  32  32  32  37  37  35  35  25  32  32  26  26  23  41  26  25  22  25  38  36  29  38  23  23  18  11  36  38  38  27  31  25  18  41  36  32  25  32  32  23  41  25  21  21  21  34  27  38  38 
28    Geodia_neptuni                 18  18  24  31  21  29  29  33  34  34  24  40  26  18  19  36  19  25  23  40  21  21  20  26  36  36  36  40  29  29  29  34  34  32  31  25  29  29  26  27  23  36  27  26  22  25  33  40  26  34  22  23  19  13  40  34  34  24  29  24  20  36  40  28  23  29  29  22  36  25  18  18  18  30  26  34  34 
29    Halichondria_okadai_NC037391   15  23  22  27  21  29  29  30  29  29  27  29  27  20  22  32  21  29  21  29  22  20  22  25  32  32  32  29  41  38  41  29  29  30  30  29  38  38  30  20  27  32  20  19  25  29  30  29  21  30  19  26  22  10  29  35  35  23  27  21  22  32  29  28  21  38  38  19  32  29  23  23  23  26  20  30  30 
30    Halichondria_panicea           15  24  23  27  20  29  29  30  29  29  30  29  30  20  25  32  24  32  22  29  20  22  25  27  32  32  32  29  38  41  38  29  29  30  30  32  41  41  33  22  30  32  22  21  28  32  30  29  21  30  19  29  25  10  29  35  35  25  29  20  25  32  29  30  22  41  41  19  32  32  24  24  24  26  20  30  30 
31    Halichondria_sp                15  23  22  27  21  29  29  30  29  29  27  29  27  20  22  32  21  29  21  29  22  20  22  25  32  32  32  29  41  38  41  29  29  30  30  29  38  38  30  20  27  32  20  19  25  29  30  29  21  30  19  26  22  10  29  35  35  23  27  21  22  32  29  28  21  38  38  19  32  29  23  23  23  26  20  30  30 
32    Haliclona_implexiformis        19  18  24  37  21  32  32  37  40  40  25  34  27  17  18  37  20  26  23  34  22  23  18  29  37  37  37  34  29  29  29  40  40  36  34  26  29  29  27  24  24  37  24  23  23  26  37  34  29  39  24  23  18  12  34  35  35  27  32  23  18  37  34  31  23  29  29  24  37  26  18  18  18  33  25  39  39 
33    Haliclona_manglaris            19  18  24  37  21  32  32  37  40  40  25  34  27  17  18  37  20  26  23  34  22  23  18  29  37  37  37  34  29  29  29  40  40  36  34  26  29  29  27  24  24  37  24  23  23  26  37  34  29  39  24  23  18  12  34  35  35  27  32  23  18  37  34  31  23  29  29  24  37  26  18  18  18  33  25  39  39 
34    Haliclona_sp_verrucosa         19  18  23  34  20  35  35  35  36  36  25  32  27  18  19  35  19  26  24  32  22  23  19  31  35  35  35  32  30  30  30  36  36  41  38  26  30  30  27  21  24  35  21  20  23  26  35  32  27  38  23  22  19  12  32  33  33  29  32  21  19  35  32  32  24  30  30  23  35  26  18  18  18  31  23  38  38 
35    Heteroxia_sp_nov               19  18  22  32  19  38  38  38  34  34  23  31  25  17  18  35  17  24  24  31  22  23  18  33  35  35  35  31  30  30  30  34  34  38  41  24  30  30  25  20  22  35  20  19  21  24  38  31  28  35  23  21  18  12  31  33  33  31  34  21  18  35  31  35  24  30  30  23  35  24  18  18  18  33  22  35  35 
36    Hymedesmia_sp_MO1058           12  17  19  25  16  23  23  24  26  26  35  25  35  18  23  25  28  40  18  25  16  18  22  22  25  25  25  25  29  32  29  26  26  26  24  40  32  32  37  19  35  25  19  18  36  37  24  25  18  26  17  36  23  9   25  26  26  20  25  17  22  25  25  24  18  32  32  16  25  37  17  17  17  22  16  26  26 
37    Hymeniacidon_perlevis          15  24  23  27  20  29  29  30  29  29  30  29  30  20  25  32  24  32  22  29  20  22  25  27  32  32  32  29  38  41  38  29  29  30  30  32  41  41  33  22  30  32  22  21  28  32  30  29  21  30  19  29  25  10  29  35  35  25  29  20  25  32  29  30  22  41  41  19  32  32  24  24  24  26  20  30  30 
38    Hymeniacidon_sinapium          15  24  23  27  20  29  29  30  29  29  30  29  30  20  25  32  24  32  22  29  20  22  25  27  32  32  32  29  38  41  38  29  29  30  30  32  41  41  33  22  30  32  22  21  28  32  30  29  21  30  19  29  25  10  29  35  35  25  29  20  25  32  29  30  22  41  41  19  32  32  24  24  24  26  20  30  30 
39    Iotrochota_birotulata          13  18  20  25  17  24  24  25  27  27  35  26  35  18  23  26  28  37  19  26  17  19  22  23  26  26  26  26  30  33  30  27  27  27  25  37  33  33  40  19  35  26  19  18  33  37  25  26  19  27  18  33  23  9   26  27  27  21  26  17  22  26  26  25  19  33  33  17  26  37  18  18  18  23  17  27  27 
40    Leiodermatium_sp               14  13  17  22  15  19  19  23  24  24  18  27  19  16  19  26  14  19  17  27  16  18  19  21  26  26  26  27  20  22  20  24  24  21  20  19  22  22  19  40  17  26  40  37  16  19  23  27  17  24  16  17  19  10  27  25  25  21  21  18  19  26  27  20  17  22  22  16  26  18  13  13  13  20  21  24  24 
41    Lissodendoryx_colombiensis     11  18  18  22  15  21  21  22  24  24  36  23  33  17  22  23  28  35  16  23  14  17  21  20  23  23  23  23  27  30  27  24  24  24  22  35  30  30  35  17  39  23  17  16  31  35  22  23  18  24  16  31  22  8   23  24  24  19  23  16  21  23  23  22  16  30  30  16  23  38  18  18  18  20  16  24  24 
42    Lubomirskia_baicalensis        18  21  26  34  23  33  33  38  37  37  24  36  26  17  18  41  19  25  25  36  22  23  18  29  41  41  41  36  32  32  32  37  37  35  35  25  32  32  26  26  23  41  26  25  22  25  38  36  29  38  23  23  18  11  36  38  38  27  31  25  18  41  36  32  25  32  32  23  41  25  21  21  21  34  27  38  38 
43    Microscleroderma_sp            14  13  17  22  15  19  19  23  24  24  18  27  19  16  19  26  14  19  17  27  16  18  19  21  26  26  26  27  20  22  20  24  24  21  20  19  22  22  19  40  17  26  40  37  16  19  23  27  17  24  16  17  19  10  27  25  25  21  21  18  19  26  27  20  17  22  22  16  26  18  13  13  13  20  21  24  24 
44    Myceliospongia_araneosa        13  13  16  21  14  18  18  22  23  23  17  26  18  15  18  25  13  18  16  26  15  17  18  20  25  25  25  26  19  21  19  23  23  20  19  18  21  21  18  37  16  25  37  40  15  18  22  26  17  23  15  16  18  10  26  24  24  22  20  17  18  25  26  19  16  21  21  15  25  17  13  13  13  19  21  23  23 
45    Myxillina_cv2473337            11  15  17  22  14  20  20  21  23  23  31  22  32  17  21  22  25  36  16  22  14  16  20  19  22  22  22  22  25  28  25  23  23  23  21  36  28  28  33  16  31  22  16  15  38  33  21  22  16  23  15  33  21  8   22  23  23  17  21  14  20  22  22  20  16  28  28  14  22  33  15  15  15  20  14  23  23 
46    Negombata_magnifica            13  17  19  24  16  23  23  24  26  26  35  25  35  17  22  25  28  37  18  25  17  19  21  23  25  25  25  25  29  32  29  26  26  26  24  37  32  32  37  19  35  25  19  18  33  40  24  25  18  26  18  33  22  9   25  26  26  21  25  16  21  25  25  24  18  32  32  17  25  37  17  17  17  22  16  26  26 
47    Neofibularia_nolitangere       19  19  23  34  20  36  36  41  37  37  23  33  25  17  18  38  18  24  23  33  23  24  18  32  38  38  38  33  30  30  30  37  37  35  38  24  30  30  25  23  22  38  23  22  21  24  41  33  30  38  24  22  18  12  33  36  36  30  34  23  18  38  33  35  23  30  30  24  38  24  19  19  19  35  24  38  38 
48    Neophrissospongia_sp.          18  18  24  31  21  29  29  33  34  34  24  40  26  18  19  36  19  25  23  40  21  21  20  26  36  36  36  40  29  29  29  34  34  32  31  25  29  29  26  27  23  36  27  26  22  25  33  40  26  34  22  23  19  13  40  34  34  24  29  24  20  36  40  28  23  29  29  22  36  25  18  18  18  30  26  34  34 
49    Petromica_sp                   15  14  18  26  15  26  26  30  29  29  18  26  19  13  13  29  13  18  19  26  17  19  13  24  29  29  29  26  21  21  21  29  29  27  28  18  21  21  19  17  18  29  17  17  16  18  30  26  38  29  20  17  13  9   26  27  27  24  26  19  13  29  26  25  19  21  21  20  29  19  14  14  14  35  23  29  29 
50    Petrosia_ficiformis            19  19  24  36  21  33  33  38  39  39  25  34  27  18  19  38  20  26  23  34  23  24  19  30  38  38  38  34  30  30  30  39  39  38  35  26  30  30  27  24  24  38  24  23  23  26  38  34  29  41  24  23  19  12  34  36  36  28  32  23  19  38  34  32  23  30  30  24  38  26  19  19  19  33  25  41  41 
51    Phakellia_ventilabrum          21  13  18  22  16  21  21  24  24  24  16  22  18  13  12  23  14  17  17  22  25  29  12  22  23  23  23  22  19  19  19  24  24  23  23  17  19  19  18  16  16  23  16  15  15  18  24  22  20  24  41  16  12  9   22  22  22  20  22  17  12  23  22  21  17  19  19  32  23  18  13  13  13  21  17  24  24 
52    Phorbas_amaranthus             12  16  19  23  16  20  20  22  23  23  31  23  31  18  22  23  26  36  18  23  16  17  21  19  23  23  23  23  26  29  26  23  23  22  21  36  29  29  33  17  31  23  17  16  33  33  22  23  17  23  16  40  22  8   23  24  24  17  22  16  21  23  23  22  18  29  29  15  23  33  16  16  16  20  14  23  23 
53    Placospongia_intermedia        12  15  13  18  11  17  17  18  18  18  21  19  20  32  41  18  20  23  15  19  12  14  38  16  18  18  18  19  22  25  22  18  18  19  18  23  25  25  23  19  22  18  19  18  21  22  18  19  13  19  12  22  41  7   19  20  20  14  18  16  38  18  19  18  15  25  25  13  18  23  15  15  15  16  14  19  19 
54    Plenaster_craigi               8   8   13  12  11  12  12  12  12  12  8   13  10  6   7   11  7   9   9   13  9   9   7   12  11  11  11  13  10  10  10  12  12  12  12  9   10  10  9   10  8   11  10  10  8   9   12  13  9   12  9   8   7   40  13  11  11  12  11  6   7   11  13  11  9   10  10  8   11  9   8   8   8   9   9   12  12 
55    Poecillastra_laminaris         18  18  24  31  21  29  29  33  34  34  24  40  26  18  19  36  19  25  23  40  21  21  20  26  36  36  36  40  29  29  29  34  34  32  31  25  29  29  26  27  23  36  27  26  22  25  33  40  26  34  22  23  19  13  40  34  34  24  29  24  20  36  40  28  23  29  29  22  36  25  18  18  18  30  26  34  34 
56    Polymastia_littoralis          18  22  24  32  21  31  31  36  35  35  25  34  27  18  20  38  19  26  23  34  22  22  20  27  38  38  38  34  35  35  35  35  35  33  33  26  35  35  27  25  24  38  25  24  23  26  36  34  27  36  22  24  20  11  34  41  41  25  29  22  20  38  34  30  23  35  35  22  38  26  22  22  22  32  25  36  36 
57    Polymastia_tenax               18  22  24  32  21  31  31  36  35  35  25  34  27  18  20  38  19  26  23  34  22  22  20  27  38  38  38  34  35  35  35  35  35  33  33  26  35  35  27  25  24  38  25  24  23  26  36  34  27  36  22  24  20  11  34  41  41  25  29  22  20  38  34  30  23  35  35  22  38  26  22  22  22  32  25  36  36 
58    Ptilocaulis_walpersi           16  15  17  25  14  30  30  30  27  27  20  24  21  11  14  27  14  20  19  24  20  23  14  37  27  27  27  24  23  25  23  27  27  29  31  20  25  25  21  21  19  27  21  22  17  21  30  24  24  28  20  17  14  12  24  25  25  41  34  16  14  27  24  33  19  25  25  20  27  20  15  15  15  26  20  28  28 
59    Raspaciona_aculeata            17  17  22  30  19  33  33  34  32  32  24  29  26  15  18  31  18  25  23  29  21  24  18  36  31  31  31  29  27  29  27  32  32  32  34  25  29  29  26  21  23  31  21  20  21  25  34  29  26  32  22  22  18  11  29  29  29  34  40  21  18  31  29  37  23  29  29  22  31  25  17  17  17  30  21  32  32 
60    Scopalina_sp1                  12  15  19  21  18  20  20  23  23  23  16  24  17  17  16  25  13  17  20  24  14  15  17  18  25  25  25  24  21  20  21  23  23  21  21  17  20  20  17  18  16  25  18  17  14  16  23  24  19  23  17  16  16  6   24  22  22  16  21  38  17  26  25  21  21  21  21  17  26  18  16  16  16  22  21  24  24 
61    Spirastrella_cunctatrix        12  15  13  18  11  17  17  18  18  18  20  20  19  32  38  18  19  22  15  20  12  14  41  16  18  18  18  20  22  25  22  18  18  19  18  22  25  25  22  19  21  18  19  18  20  21  18  20  13  19  12  21  38  7   20  20  20  14  18  17  41  18  20  18  15  25  25  13  18  22  15  15  15  16  15  19  19 
62    Spongilla_lacustris            18  21  26  34  23  33  33  38  37  37  24  36  26  17  18  41  19  25  25  36  22  23  18  29  41  41  41  36  32  32  32  37  37  35  35  25  32  32  26  26  23  41  26  25  22  25  38  36  29  38  23  23  18  11  36  38  38  27  31  26  18  41  36  32  25  32  32  23  41  25  21  21  21  34  27  38  38 
63    Stelletta_fibrosa              18  18  24  31  21  29  29  33  34  34  24  40  26  18  19  36  19  25  23  40  21  21  20  26  36  36  36  40  29  29  29  34  34  32  31  25  29  29  26  27  23  36  27  26  22  25  33  40  26  34  22  23  19  13  40  34  34  24  29  25  20  36  40  28  23  29  29  22  36  25  18  18  18  30  26  34  34 
64    Stelligera_stuposa             17  19  21  31  18  34  34  35  31  31  23  28  25  15  18  32  18  24  23  28  22  24  18  35  32  32  32  28  28  30  28  31  31  32  35  24  30  30  25  20  22  32  20  19  20  24  35  28  25  32  21  22  18  11  28  30  30  33  37  21  18  32  28  41  23  30  30  21  32  24  19  19  19  30  20  32  32 
65    Stylissa_carteri               13  17  22  22  20  22  22  23  23  23  17  23  19  15  15  25  15  18  40  23  16  18  15  21  25  25  25  23  21  22  21  23  23  24  24  18  22  22  19  17  16  25  17  16  16  18  23  23  19  23  17  18  15  9   23  23  23  19  23  21  15  25  23  23  40  22  22  16  25  18  17  17  17  22  18  23  23 
66    Suberites_domuncula            15  24  23  27  20  29  29  30  29  29  30  29  30  20  25  32  24  32  22  29  20  22  25  27  32  32  32  29  38  41  38  29  29  30  30  32  41  41  33  22  30  32  22  21  28  32  30  29  21  30  19  29  25  10  29  35  35  25  29  21  25  32  29  30  22  41  41  19  32  32  24  24  24  26  20  30  30 
67    Suberites_ficus                15  24  23  27  20  29  29  30  29  29  30  29  30  20  25  32  24  32  22  29  20  22  25  27  32  32  32  29  38  41  38  29  29  30  30  32  41  41  33  22  30  32  22  21  28  32  30  29  21  30  19  29  25  10  29  35  35  25  29  21  25  32  29  30  22  41  41  19  32  32  24  24  24  26  20  30  30 
68    Svenzea_flava                  22  14  17  22  15  21  21  24  24  24  16  22  17  14  13  23  14  16  16  22  28  29  13  22  23  23  23  22  19  19  19  24  24  23  23  16  19  19  17  16  16  23  16  15  14  17  24  22  20  24  32  15  13  8   22  22  22  20  22  17  13  23  22  21  16  19  19  41  23  17  14  14  14  21  16  24  24 
69    Svenzea_zeai                   18  21  26  34  23  33  33  38  37  37  24  36  26  17  18  41  19  25  25  36  22  23  18  29  41  41  41  36  32  32  32  37  37  35  35  25  32  32  26  26  23  41  26  25  22  25  38  36  29  38  23  23  18  11  36  38  38  27  31  26  18  41  36  32  25  32  32  23  41  25  21  21  21  34  27  38  38 
70    Tedania_ignis                  13  18  20  24  17  23  23  24  26  26  35  25  35  18  23  25  29  37  18  25  16  19  22  22  25  25  25  25  29  32  29  26  26  26  24  37  32  32  37  18  38  25  18  17  33  37  24  25  19  26  18  33  23  9   25  26  26  20  25  18  22  25  25  24  18  32  32  17  25  40  18  18  18  22  17  26  26 
71    Tethya_actinia                 9   41  16  17  15  17  17  19  18  18  18  18  17  14  15  21  16  17  17  18  13  14  15  15  21  21  21  18  23  24  23  18  18  18  18  17  24  24  18  13  18  21  13  13  15  17  19  18  14  19  13  16  15  8   18  22  22  15  17  16  15  21  18  19  17  24  24  14  21  18  41  41  41  16  15  19  19 
72    Tethya_sp_KU748128             9   41  16  17  15  17  17  19  18  18  18  18  17  14  15  21  16  17  17  18  13  14  15  15  21  21  21  18  23  24  23  18  18  18  18  17  24  24  18  13  18  21  13  13  15  17  19  18  14  19  13  16  15  8   18  22  22  15  17  16  15  21  18  19  17  24  24  14  21  18  41  41  41  16  15  19  19 
73    Tethya_wilhelma                9   41  16  17  15  17  17  19  18  18  18  18  17  14  15  21  16  17  17  18  13  14  15  15  21  21  21  18  23  24  23  18  18  18  18  17  24  24  18  13  18  21  13  13  15  17  19  18  14  19  13  16  15  8   18  22  22  15  17  16  15  21  18  19  17  24  24  14  21  18  41  41  41  16  15  19  19 
74    Topsentia_ophiraphidites       17  16  20  30  17  31  31  35  33  33  21  30  23  15  16  34  16  22  22  30  19  20  16  28  34  34  34  30  26  26  26  33  33  31  33  22  26  26  23  20  20  34  20  19  20  22  35  30  35  33  21  20  16  9   30  32  32  26  30  22  16  34  30  30  22  26  26  21  34  22  16  16  16  41  23  33  33 
75    Vetulina_sp                    14  15  17  22  16  23  23  24  25  25  16  26  17  13  14  27  12  16  18  26  15  15  15  19  27  27  27  26  20  20  20  25  25  23  22  16  20  20  17  21  16  27  21  21  14  16  24  26  23  25  17  14  14  9   26  25  25  20  21  21  15  27  26  20  18  20  20  16  27  17  15  15  15  23  38  25  25 
76    Xestospongia_muta              19  19  24  36  21  33  33  38  39  39  25  34  27  18  19  38  20  26  23  34  23  24  19  30  38  38  38  34  30  30  30  39  39  38  35  26  30  30  27  24  24  38  24  23  23  26  38  34  29  41  24  23  19  12  34  36  36  28  32  24  19  38  34  32  23  30  30  24  38  26  19  19  19  33  25  41  41 
77    Xestospongia_testudinaria      19  19  24  36  21  33  33  38  39  39  25  34  27  18  19  38  20  26  23  34  23  24  19  30  38  38  38  34  30  30  30  39  39  38  35  26  30  30  27  24  24  38  24  23  23  26  38  34  29  41  24  23  19  12  34  36  36  28  32  24  19  38  34  32  23  30  30  24  38  26  19  19  19  33  25  41  41 
